Node Number = 390
Cell Number = 721
1 1 12 11 1
2 1 11 2 2
3 13 2 11 3
4 3 2 13 4
5 14 3 13 5
6 4 3 14 6
7 15 4 14 7
8 15 5 4 8
9 5 15 16 9
10 6 5 16 10
11 16 17 6 11
12 17 7 6 12
13 7 17 18 13
14 8 7 18 14
15 18 19 8 15
16 19 9 8 16
17 20 9 19 17
18 9 20 10 18
19 10 20 21 19
20 22 11 12 20
21 22 23 11 21
22 23 13 11 22
23 12 24 22 23
24 25 13 23 24
25 13 25 14 25
26 14 25 26 26
27 14 26 15 27
28 15 26 27 28
29 16 15 27 29
30 27 28 16 30
31 28 17 16 31
32 29 17 28 32
33 17 29 18 33
34 18 29 30 34
35 30 19 18 35
36 30 31 19 36
37 19 31 20 37
38 21 20 31 38
39 31 32 21 39
40 21 32 33 40
41 24 34 22 41
42 22 34 23 42
43 34 35 23 43
44 25 23 35 44
45 24 37 36 45
46 36 34 24 46
47 25 35 38 47
48 38 26 25 48
49 38 39 26 49
50 27 26 39 50
51 40 27 39 51
52 28 27 40 52
53 40 41 28 53
54 29 28 41 54
55 41 42 29 55
56 42 30 29 56
57 30 42 43 57
58 31 30 43 58
59 43 32 31 59
60 44 32 43 60
61 33 32 44 61
62 45 33 44 62
63 33 45 46 63
64 34 36 47 64
65 35 34 47 65
66 48 35 47 66
67 38 35 48 67
68 49 36 37 68
69 47 36 49 69
70 37 51 50 70
71 49 37 50 71
72 48 52 38 72
73 38 52 39 73
74 53 39 52 74
75 39 53 40 75
76 53 54 40 76
77 54 41 40 77
78 41 54 55 78
79 55 42 41 79
80 56 42 55 80
81 42 56 43 81
82 43 56 44 82
83 56 57 44 83
84 44 57 45 84
85 45 57 58 85
86 58 46 45 86
87 58 59 46 87
88 46 59 60 88
89 47 49 61 89
90 47 61 48 90
91 61 62 48 91
92 48 62 52 92
93 63 49 50 93
94 63 61 49 94
95 51 64 50 95
96 50 64 63 96
97 51 66 65 97
98 51 65 64 98
99 52 62 67 99
100 67 53 52 100
101 68 53 67 101
102 54 53 68 102
103 68 69 54 103
104 69 55 54 104
105 55 69 70 105
106 56 55 70 106
107 70 57 56 107
108 71 57 70 108
109 58 57 71 109
110 58 71 72 110
111 72 59 58 111
112 73 59 72 112
113 60 59 73 113
114 73 74 60 114
115 75 60 74 115
116 61 63 76 116
117 76 62 61 117
118 77 62 76 118
119 67 62 77 119
120 64 78 63 120
121 76 63 78 121
122 64 65 79 122
123 79 78 64 123
124 80 65 66 124
125 80 79 65 125
126 66 82 81 126
127 80 66 81 127
128 67 77 83 128
129 83 68 67 129
130 84 68 83 130
131 68 84 69 131
132 85 69 84 132
133 70 69 85 133
134 85 71 70 134
135 85 86 71 135
136 71 86 72 136
137 72 86 87 137
138 72 87 73 138
139 87 88 73 139
140 73 88 74 140
141 89 74 88 141
142 74 89 75 142
143 75 89 90 143
144 75 90 91 144
145 76 78 92 145
146 92 77 76 146
147 92 93 77 147
148 93 83 77 148
149 78 79 94 149
150 92 78 94 150
151 80 95 79 151
152 79 95 94 152
153 81 96 80 153
154 80 96 95 154
155 81 82 97 155
156 81 97 96 156
157 82 99 98 157
158 82 98 97 158
159 100 83 93 159
160 83 100 84 160
161 101 84 100 161
162 84 101 85 162
163 101 86 85 163
164 86 101 102 164
165 102 87 86 165
166 103 87 102 166
167 88 87 103 167
168 103 104 88 168
169 88 104 89 169
170 89 104 105 170
171 105 90 89 171
172 105 106 90 172
173 91 90 106 173
174 106 107 91 174
175 91 107 108 175
176 109 92 94 176
177 93 92 109 177
178 109 110 93 178
179 100 93 110 179
180 95 111 94 180
181 94 111 109 181
182 112 95 96 182
183 111 95 112 183
184 96 97 113 184
185 96 113 112 185
186 114 97 98 186
187 113 97 114 187
188 99 115 98 188
189 98 115 114 189
190 99 117 116 190
191 116 115 99 191
192 118 100 110 192
193 118 101 100 193
194 102 101 118 194
195 118 119 102 195
196 102 119 103 196
197 119 120 103 197
198 120 104 103 198
199 121 104 120 199
200 105 104 121 200
201 122 105 121 201
202 106 105 122 202
203 122 123 106 203
204 107 106 123 204
205 123 124 107 205
206 108 107 124 206
207 124 125 108 207
208 108 125 126 208
209 109 111 127 209
210 127 110 109 210
211 127 128 110 211
212 110 128 118 212
213 129 111 112 213
214 111 129 127 214
215 112 113 130 215
216 130 129 112 216
217 113 114 131 217
218 131 130 113 218
219 132 114 115 219
220 114 132 131 220
221 116 133 115 221
222 132 115 133 222
223 116 117 134 223
224 134 133 116 224
225 117 136 135 225
226 134 117 135 226
227 128 119 118 227
228 137 119 128 228
229 137 120 119 229
230 138 120 137 230
231 121 120 138 231
232 138 139 121 232
233 121 139 122 233
234 122 139 140 234
235 140 123 122 235
236 140 141 123 236
237 141 124 123 237
238 141 142 124 238
239 124 142 125 239
240 143 125 142 240
241 143 126 125 241
242 144 126 143 242
243 126 144 145 243
244 127 129 146 244
245 146 128 127 245
246 137 128 146 246
247 130 147 129 247
248 146 129 147 248
249 148 130 131 249
250 148 147 130 250
251 131 132 149 251
252 149 148 131 252
253 133 150 132 253
254 132 150 149 254
255 151 133 134 255
256 150 133 151 256
257 135 152 134 257
258 134 152 151 258
259 136 153 135 259
260 153 152 135 260
261 136 155 154 261
262 136 154 153 262
263 146 156 137 263
264 137 156 138 264
265 157 138 156 265
266 139 138 157 266
267 158 139 157 267
268 139 158 140 268
269 159 140 158 269
270 141 140 159 270
271 160 141 159 271
272 160 142 141 272
273 142 160 161 273
274 143 142 161 274
275 161 162 143 275
276 162 144 143 276
277 163 144 162 277
278 144 163 145 278
279 145 163 164 279
280 145 164 165 280
281 147 156 146 281
282 166 147 148 282
283 156 147 166 283
284 167 148 149 284
285 148 167 166 285
286 168 149 150 286
287 167 149 168 287
288 169 150 151 288
289 168 150 169 289
290 151 152 170 290
291 151 170 169 291
292 152 153 171 292
293 171 170 152 293
294 153 154 172 294
295 172 171 153 295
296 173 154 155 296
297 172 154 173 297
298 155 175 174 298
299 155 174 173 299
300 157 156 166 300
301 166 176 157 301
302 176 158 157 302
303 177 158 176 303
304 159 158 177 304
305 177 178 159 305
306 178 160 159 306
307 179 160 178 307
308 161 160 179 308
309 161 179 180 309
310 180 162 161 310
311 180 181 162 311
312 181 163 162 312
313 182 163 181 313
314 182 164 163 314
315 183 164 182 315
316 183 165 164 316
317 184 165 183 317
318 165 184 185 318
319 167 176 166 319
320 167 168 186 320
321 176 167 186 321
322 169 187 168 322
323 186 168 187 323
324 170 188 169 324
325 169 188 187 325
326 189 170 171 326
327 188 170 189 327
328 171 172 190 328
329 189 171 190 329
330 173 191 172 330
331 190 172 191 331
332 173 174 192 332
333 192 191 173 333
334 193 174 175 334
335 192 174 193 335
336 175 195 194 336
337 175 194 193 337
338 186 177 176 338
339 196 177 186 339
340 196 178 177 340
341 178 196 197 341
342 178 197 179 342
343 198 179 197 343
344 179 198 180 344
345 180 198 199 345
346 199 181 180 346
347 199 200 181 347
348 181 200 182 348
349 201 182 200 349
350 183 182 201 350
351 183 201 202 351
352 202 184 183 352
353 203 184 202 353
354 184 203 185 354
355 204 185 203 355
356 185 204 205 356
357 186 187 196 357
358 206 187 188 358
359 196 187 206 359
360 207 188 189 360
361 206 188 207 361
362 190 208 189 362
363 189 208 207 363
364 191 209 190 364
365 190 209 208 365
366 191 192 210 366
367 210 209 191 367
368 193 211 192 368
369 210 192 211 369
370 193 194 212 370
371 212 211 193 371
372 195 213 194 372
373 194 213 212 373
374 195 215 214 374
375 214 213 195 375
376 197 196 206 376
377 216 197 206 377
378 197 216 198 378
379 216 217 198 379
380 198 217 199 380
381 199 217 218 381
382 218 200 199 382
383 219 200 218 383
384 200 219 201 384
385 220 201 219 385
386 220 202 201 386
387 221 202 220 387
388 202 221 203 388
389 203 221 222 389
390 204 203 222 390
391 222 223 204 391
392 223 205 204 392
393 205 223 224 393
394 205 224 225 394
395 207 216 206 395
396 207 208 226 396
397 226 216 207 397
398 208 209 227 398
399 226 208 227 399
400 228 209 210 400
401 227 209 228 401
402 211 229 210 402
403 210 229 228 403
404 212 230 211 404
405 230 229 211 405
406 213 231 212 406
407 212 231 230 407
408 213 214 232 408
409 231 213 232 409
410 215 233 214 410
411 214 233 232 411
412 215 235 234 412
413 234 233 215 413
414 217 216 226 414
415 236 217 226 415
416 217 236 218 416
417 218 236 237 417
418 218 237 219 418
419 219 237 238 419
420 220 219 238 420
421 238 239 220 421
422 220 239 221 422
423 221 239 240 423
424 240 222 221 424
425 240 241 222 425
426 223 222 241 426
427 241 242 223 427
428 223 242 224 428
429 224 242 243 429
430 243 225 224 430
431 244 225 243 431
432 225 244 245 432
433 226 227 236 433
434 246 227 228 434
435 227 246 236 435
436 228 229 247 436
437 247 246 228 437
438 229 230 248 438
439 229 248 247 439
440 249 230 231 440
441 248 230 249 441
442 232 250 231 442
443 250 249 231 443
444 251 232 233 444
445 250 232 251 445
446 252 233 234 446
447 233 252 251 447
448 234 235 253 448
449 234 253 252 449
450 235 255 254 450
451 235 254 253 451
452 236 246 237 452
453 246 256 237 453
454 237 256 238 454
455 238 256 257 455
456 238 257 239 456
457 258 239 257 457
458 239 258 240 458
459 259 240 258 459
460 241 240 259 460
461 259 260 241 461
462 242 241 260 462
463 260 261 242 463
464 243 242 261 464
465 243 261 262 465
466 262 244 243 466
467 263 244 262 467
468 244 263 245 468
469 245 263 264 469
470 245 264 265 470
471 256 246 247 471
472 247 248 266 472
473 266 256 247 473
474 248 249 267 474
475 267 266 248 475
476 268 249 250 476
477 267 249 268 477
478 269 250 251 478
479 250 269 268 479
480 251 252 270 480
481 251 270 269 481
482 271 252 253 482
483 270 252 271 483
484 272 253 254 484
485 253 272 271 485
486 255 273 254 486
487 272 254 273 487
488 255 275 274 488
489 274 273 255 489
490 256 266 257 490
491 276 257 266 491
492 276 258 257 492
493 277 258 276 493
494 259 258 277 494
495 259 277 278 495
496 278 260 259 496
497 278 279 260 497
498 260 279 261 498
499 280 261 279 499
500 262 261 280 500
501 262 280 281 501
502 262 281 263 502
503 282 263 281 503
504 264 263 282 504
505 283 264 282 505
506 283 265 264 506
507 283 284 265 507
508 265 284 285 508
509 266 267 276 509
510 268 286 267 510
511 276 267 286 511
512 269 287 268 512
513 268 287 286 513
514 270 288 269 514
515 287 269 288 515
516 289 270 271 516
517 289 288 270 517
518 271 272 290 518
519 271 290 289 519
520 273 291 272 520
521 272 291 290 521
522 292 273 274 522
523 291 273 292 523
524 275 293 274 524
525 292 274 293 525
526 275 295 294 526
527 294 293 275 527
528 286 277 276 528
529 277 286 296 529
530 277 296 278 530
531 278 296 297 531
532 278 297 279 532
533 279 297 298 533
534 298 280 279 534
535 299 280 298 535
536 281 280 299 536
537 300 281 299 537
538 281 300 282 538
539 282 300 301 539
540 282 301 283 540
541 302 283 301 541
542 284 283 302 542
543 303 284 302 543
544 303 285 284 544
545 304 285 303 545
546 285 304 305 546
547 286 287 296 547
548 287 288 306 548
549 296 287 306 549
550 288 289 307 550
551 306 288 307 551
552 290 308 289 552
553 307 289 308 553
554 290 291 309 554
555 308 290 309 555
556 310 291 292 556
557 310 309 291 557
558 292 293 311 558
559 292 311 310 559
560 312 293 294 560
561 312 311 293 561
562 313 294 295 562
563 294 313 312 563
564 295 315 314 564
565 295 314 313 565
566 306 297 296 566
567 306 316 297 567
568 298 297 316 568
569 316 317 298 569
570 298 317 299 570
571 299 317 318 571
572 318 300 299 572
573 318 319 300 573
574 301 300 319 574
575 320 301 319 575
576 301 320 302 576
577 320 321 302 577
578 302 321 303 578
579 321 322 303 579
580 322 304 303 580
581 323 304 322 581
582 323 305 304 582
583 324 305 323 583
584 305 324 325 584
585 307 316 306 585
586 307 308 326 586
587 326 316 307 587
588 309 327 308 588
589 308 327 326 589
590 328 309 310 590
591 328 327 309 591
592 310 311 329 592
593 310 329 328 593
594 330 311 312 594
595 330 329 311 595
596 312 313 331 596
597 312 331 330 597
598 314 332 313 598
599 313 332 331 599
600 315 333 314 600
601 332 314 333 601
602 315 335 334 602
603 334 333 315 603
604 317 316 326 604
605 326 336 317 605
606 318 317 336 606
607 336 337 318 607
608 337 319 318 608
609 319 337 338 609
610 338 320 319 610
611 338 339 320 611
612 320 339 321 612
613 321 339 340 613
614 340 322 321 614
615 341 322 340 615
616 323 322 341 616
617 341 342 323 617
618 323 342 324 618
619 324 342 343 619
620 324 343 325 620
621 343 344 325 621
622 325 344 345 622
623 326 327 336 623
624 346 327 328 624
625 336 327 346 625
626 328 329 347 626
627 328 347 346 627
628 348 329 330 628
629 329 348 347 629
630 331 349 330 630
631 330 349 348 631
632 350 331 332 632
633 350 349 331 633
634 332 333 351 634
635 332 351 350 635
636 352 333 334 636
637 352 351 333 637
638 335 353 334 638
639 334 353 352 639
640 335 354 353 640
641 337 336 346 641
642 346 355 337 642
643 337 355 338 643
644 338 355 356 644
645 356 339 338 645
646 339 356 357 646
647 357 340 339 647
648 358 340 357 648
649 340 358 341 649
650 358 359 341 650
651 341 359 342 651
652 360 342 359 652
653 360 343 342 653
654 343 360 361 654
655 361 344 343 655
656 362 344 361 656
657 345 344 362 657
658 346 347 355 658
659 347 348 363 659
660 363 355 347 660
661 349 364 348 661
662 348 364 363 662
663 350 365 349 663
664 364 349 365 664
665 351 366 350 665
666 366 365 350 666
667 367 351 352 667
668 366 351 367 668
669 353 368 352 669
670 352 368 367 670
671 354 369 353 671
672 369 368 353 672
673 363 356 355 673
674 363 370 356 674
675 356 370 357 675
676 357 370 371 676
677 357 371 358 677
678 358 371 372 678
679 359 358 372 679
680 372 373 359 680
681 359 373 360 681
682 360 373 374 682
683 361 360 374 683
684 374 375 361 684
685 361 375 362 685
686 364 370 363 686
687 364 365 376 687
688 376 370 364 688
689 365 366 377 689
690 376 365 377 690
691 366 367 378 691
692 378 377 366 692
693 368 379 367 693
694 378 367 379 694
695 368 369 380 695
696 379 368 380 696
697 371 370 376 697
698 376 381 371 698
699 371 381 372 699
700 372 381 382 700
701 382 373 372 701
702 383 373 382 702
703 374 373 383 703
704 383 384 374 704
705 374 384 375 705
706 377 381 376 706
707 385 377 378 707
708 385 381 377 708
709 378 379 386 709
710 378 386 385 710
711 380 387 379 711
712 379 387 386 712
713 382 381 385 713
714 385 388 382 714
715 382 388 383 715
716 389 383 388 716
717 384 383 389 717
718 385 386 388 718
719 390 386 387 719
720 388 386 390 720
721 388 390 389 721
1 1500.000000 98726.896000 580.000000
2 4500.000000 98726.896000 580.000000
3 7500.000000 98726.896000 580.000000
4 10500.000000 98726.896000 580.000000
5 13500.000000 98726.896000 580.000000
6 16500.000000 98726.896000 580.000000
7 19500.000000 98726.896000 580.000000
8 22500.000000 98726.896000 580.000000
9 25500.000000 98726.896000 580.000000
10 28500.000000 98726.896000 580.000000
11 3000.000000 96128.819800 580.000000
12 0.000000 96128.819800 580.000000
13 6000.000000 96128.819800 580.000000
14 9000.000000 96128.819800 580.000000
15 12000.000000 96128.819800 580.000000
16 15000.000000 96128.819800 580.000000
17 18000.000000 96128.819800 580.000000
18 21000.000000 96128.819800 580.000000
19 24000.000000 96128.819800 580.000000
20 27000.000000 96128.819800 580.000000
21 28500.000000 93530.743600 580.000000
22 1500.000000 93530.743600 580.000000
23 4500.000000 93530.743600 580.000000
24 0.000000 90932.667400 580.000000
25 7500.000000 93530.743600 580.000000
26 10500.000000 93530.743600 580.000000
27 13500.000000 93530.743600 580.000000
28 16500.000000 93530.743600 580.000000
29 19500.000000 93530.743600 580.000000
30 22500.000000 93530.743600 580.000000
31 25500.000000 93530.743600 580.000000
32 27000.000000 90932.667400 580.000000
33 28500.000000 88334.591200 580.000000
34 3000.000000 90932.667400 580.000000
35 6000.000000 90932.667400 580.000000
36 1500.000000 88334.591200 580.000000
37 0.000000 85736.515000 580.000000
38 9000.000000 90932.667400 580.000000
39 12000.000000 90932.667400 580.000000
40 15000.000000 90932.667400 580.000000
41 18000.000000 90932.667400 580.000000
42 21000.000000 90932.667400 580.000000
43 24000.000000 90932.667400 580.000000
44 25500.000000 88334.591200 580.000000
45 27000.000000 85736.515000 580.000000
46 28500.000000 83138.438800 580.000000
47 4500.000000 88334.591200 580.000000
48 7500.000000 88334.591200 580.000000
49 3000.000000 85736.515000 580.000000
50 1500.000000 83138.438800 580.000000
51 0.000000 80540.362600 580.000000
52 10500.000000 88334.591200 580.000000
53 13500.000000 88334.591200 580.000000
54 16500.000000 88334.591200 580.000000
55 19500.000000 88334.591200 580.000000
56 22500.000000 88334.591200 580.000000
57 24000.000000 85736.515000 580.000000
58 25500.000000 83138.438800 580.000000
59 27000.000000 80540.362600 580.000000
60 28500.000000 77942.286300 580.000000
61 6000.000000 85736.515000 580.000000
62 9000.000000 85736.515000 580.000000
63 4500.000000 83138.438800 580.000000
64 3000.000000 80540.362600 580.000000
65 1500.000000 77942.286300 580.000000
66 0.000000 75344.210100 580.000000
67 12000.000000 85736.515000 580.000000
68 15000.000000 85736.515000 580.000000
69 18000.000000 85736.515000 580.000000
70 21000.000000 85736.515000 580.000000
71 22500.000000 83138.438800 580.000000
72 24000.000000 80540.362600 580.000000
73 25500.000000 77942.286300 580.000000
74 27000.000000 75344.210100 580.000000
75 28500.000000 72746.133900 580.000000
76 7500.000000 83138.438800 580.000000
77 10500.000000 83138.438800 580.000000
78 6000.000000 80540.362600 580.000000
79 4500.000000 77942.286300 580.000000
80 3000.000000 75344.210100 580.000000
81 1500.000000 72746.133900 580.000000
82 0.000000 70148.057700 580.000000
83 13500.000000 83138.438800 580.000000
84 16500.000000 83138.438800 580.000000
85 19500.000000 83138.438800 580.000000
86 21000.000000 80540.362600 580.000000
87 22500.000000 77942.286300 580.000000
88 24000.000000 75344.210100 580.000000
89 25500.000000 72746.133900 580.000000
90 27000.000000 70148.057700 580.000000
91 28500.000000 67549.981500 580.000000
92 9000.000000 80540.362600 580.000000
93 12000.000000 80540.362600 580.000000
94 7500.000000 77942.286300 580.000000
95 6000.000000 75344.210100 580.000000
96 4500.000000 72746.133900 580.000000
97 3000.000000 70148.057700 580.000000
98 1500.000000 67549.981500 580.000000
99 0.000000 64951.905300 580.000000
100 15000.000000 80540.362600 580.000000
101 18000.000000 80540.362600 580.000000
102 19500.000000 77942.286300 580.000000
103 21000.000000 75344.210100 580.000000
104 22500.000000 72746.133900 580.000000
105 24000.000000 70148.057700 580.000000
106 25500.000000 67549.981500 580.000000
107 27000.000000 64951.905300 580.000000
108 28500.000000 62353.829100 580.000000
109 10500.000000 77942.286300 580.000000
110 13500.000000 77942.286300 580.000000
111 9000.000000 75344.210100 580.000000
112 7500.000000 72746.133900 580.000000
113 6000.000000 70148.057700 580.000000
114 4500.000000 67549.981500 580.000000
115 3000.000000 64951.905300 580.000000
116 1500.000000 62353.829100 580.000000
117 0.000000 59755.752900 580.000000
118 16500.000000 77942.286300 580.000000
119 18000.000000 75344.210100 580.000000
120 19500.000000 72746.133900 580.000000
121 21000.000000 70148.057700 580.000000
122 22500.000000 67549.981500 580.000000
123 24000.000000 64951.905300 580.000000
124 25500.000000 62353.829100 580.000000
125 27000.000000 59755.752900 580.000000
126 28500.000000 57157.676600 580.000000
127 12000.000000 75344.210100 580.000000
128 15000.000000 75344.210100 580.000000
129 10500.000000 72746.133900 580.000000
130 9000.000000 70148.057700 580.000000
131 7500.000000 67549.981500 580.000000
132 6000.000000 64951.905300 580.000000
133 4500.000000 62353.829100 580.000000
134 3000.000000 59755.752900 580.000000
135 1500.000000 57157.676600 580.000000
136 0.000000 54559.600400 580.000000
137 16500.000000 72746.133900 580.000000
138 18000.000000 70148.057700 580.000000
139 19500.000000 67549.981500 580.000000
140 21000.000000 64951.905300 580.000000
141 22500.000000 62353.829100 580.000000
142 24000.000000 59755.752900 580.000000
143 25500.000000 57157.676600 580.000000
144 27000.000000 54559.600400 580.000000
145 28500.000000 51961.524200 580.000000
146 13500.000000 72746.133900 580.000000
147 12000.000000 70148.057700 580.000000
148 10500.000000 67549.981500 580.000000
149 9000.000000 64951.905300 580.000000
150 7500.000000 62353.829100 580.000000
151 6000.000000 59755.752900 580.000000
152 4500.000000 57157.676600 580.000000
153 3000.000000 54559.600400 580.000000
154 1500.000000 51961.524200 580.000000
155 0.000000 49363.448000 580.000000
156 15000.000000 70148.057700 580.000000
157 16500.000000 67549.981500 580.000000
158 18000.000000 64951.905300 580.000000
159 19500.000000 62353.829100 580.000000
160 21000.000000 59755.752900 580.000000
161 22500.000000 57157.676600 580.000000
162 24000.000000 54559.600400 580.000000
163 25500.000000 51961.524200 580.000000
164 27000.000000 49363.448000 580.000000
165 28500.000000 46765.371800 580.000000
166 13500.000000 67549.981500 580.000000
167 12000.000000 64951.905300 580.000000
168 10500.000000 62353.829100 580.000000
169 9000.000000 59755.752900 580.000000
170 7500.000000 57157.676600 580.000000
171 6000.000000 54559.600400 580.000000
172 4500.000000 51961.524200 580.000000
173 3000.000000 49363.448000 580.000000
174 1500.000000 46765.371800 580.000000
175 0.000000 44167.295600 580.000000
176 15000.000000 64951.905300 580.000000
177 16500.000000 62353.829100 580.000000
178 18000.000000 59755.752900 580.000000
179 19500.000000 57157.676600 580.000000
180 21000.000000 54559.600400 580.000000
181 22500.000000 51961.524200 580.000000
182 24000.000000 49363.448000 580.000000
183 25500.000000 46765.371800 580.000000
184 27000.000000 44167.295600 580.000000
185 28500.000000 41569.219400 580.000000
186 13500.000000 62353.829100 580.000000
187 12000.000000 59755.752900 580.000000
188 10500.000000 57157.676600 580.000000
189 9000.000000 54559.600400 580.000000
190 7500.000000 51961.524200 580.000000
191 6000.000000 49363.448000 580.000000
192 4500.000000 46765.371800 580.000000
193 3000.000000 44167.295600 580.000000
194 1500.000000 41569.219400 580.000000
195 0.000000 38971.143200 580.000000
196 15000.000000 59755.752900 580.000000
197 16500.000000 57157.676600 580.000000
198 18000.000000 54559.600400 580.000000
199 19500.000000 51961.524200 580.000000
200 21000.000000 49363.448000 580.000000
201 22500.000000 46765.371800 580.000000
202 24000.000000 44167.295600 580.000000
203 25500.000000 41569.219400 580.000000
204 27000.000000 38971.143200 580.000000
205 28500.000000 36373.067000 580.000000
206 13500.000000 57157.676600 580.000000
207 12000.000000 54559.600400 580.000000
208 10500.000000 51961.524200 580.000000
209 9000.000000 49363.448000 580.000000
210 7500.000000 46765.371800 580.000000
211 6000.000000 44167.295600 580.000000
212 4500.000000 41569.219400 580.000000
213 3000.000000 38971.143200 580.000000
214 1500.000000 36373.067000 580.000000
215 0.000000 33774.990700 580.000000
216 15000.000000 54559.600400 580.000000
217 16500.000000 51961.524200 580.000000
218 18000.000000 49363.448000 580.000000
219 19500.000000 46765.371800 580.000000
220 21000.000000 44167.295600 580.000000
221 22500.000000 41569.219400 580.000000
222 24000.000000 38971.143200 580.000000
223 25500.000000 36373.067000 580.000000
224 27000.000000 33774.990700 580.000000
225 28500.000000 31176.914500 580.000000
226 13500.000000 51961.524200 580.000000
227 12000.000000 49363.448000 580.000000
228 10500.000000 46765.371800 580.000000
229 9000.000000 44167.295600 580.000000
230 7500.000000 41569.219400 580.000000
231 6000.000000 38971.143200 580.000000
232 4500.000000 36373.067000 580.000000
233 3000.000000 33774.990700 580.000000
234 1500.000000 31176.914500 580.000000
235 0.000000 28578.838300 580.000000
236 15000.000000 49363.448000 580.000000
237 16500.000000 46765.371800 580.000000
238 18000.000000 44167.295600 580.000000
239 19500.000000 41569.219400 580.000000
240 21000.000000 38971.143200 580.000000
241 22500.000000 36373.067000 580.000000
242 24000.000000 33774.990700 580.000000
243 25500.000000 31176.914500 580.000000
244 27000.000000 28578.838300 580.000000
245 28500.000000 25980.762100 580.000000
246 13500.000000 46765.371800 580.000000
247 12000.000000 44167.295600 580.000000
248 10500.000000 41569.219400 580.000000
249 9000.000000 38971.143200 580.000000
250 7500.000000 36373.067000 580.000000
251 6000.000000 33774.990700 580.000000
252 4500.000000 31176.914500 580.000000
253 3000.000000 28578.838300 580.000000
254 1500.000000 25980.762100 580.000000
255 0.000000 23382.685900 580.000000
256 15000.000000 44167.295600 580.000000
257 16500.000000 41569.219400 580.000000
258 18000.000000 38971.143200 580.000000
259 19500.000000 36373.067000 580.000000
260 21000.000000 33774.990700 580.000000
261 22500.000000 31176.914500 580.000000
262 24000.000000 28578.838300 580.000000
263 25500.000000 25980.762100 580.000000
264 27000.000000 23382.685900 580.000000
265 28500.000000 20784.609700 580.000000
266 13500.000000 41569.219400 580.000000
267 12000.000000 38971.143200 580.000000
268 10500.000000 36373.067000 580.000000
269 9000.000000 33774.990700 580.000000
270 7500.000000 31176.914500 580.000000
271 6000.000000 28578.838300 580.000000
272 4500.000000 25980.762100 580.000000
273 3000.000000 23382.685900 580.000000
274 1500.000000 20784.609700 580.000000
275 0.000000 18186.533500 580.000000
276 15000.000000 38971.143200 580.000000
277 16500.000000 36373.067000 580.000000
278 18000.000000 33774.990700 580.000000
279 19500.000000 31176.914500 580.000000
280 21000.000000 28578.838300 580.000000
281 22500.000000 25980.762100 580.000000
282 24000.000000 23382.685900 580.000000
283 25500.000000 20784.609700 580.000000
284 27000.000000 18186.533500 580.000000
285 28500.000000 15588.457300 580.000000
286 13500.000000 36373.067000 580.000000
287 12000.000000 33774.990700 580.000000
288 10500.000000 31176.914500 580.000000
289 9000.000000 28578.838300 580.000000
290 7500.000000 25980.762100 580.000000
291 6000.000000 23382.685900 580.000000
292 4500.000000 20784.609700 580.000000
293 3000.000000 18186.533500 580.000000
294 1500.000000 15588.457300 580.000000
295 0.000000 12990.381100 580.000000
296 15000.000000 33774.990700 580.000000
297 16500.000000 31176.914500 580.000000
298 18000.000000 28578.838300 580.000000
299 19500.000000 25980.762100 580.000000
300 21000.000000 23382.685900 580.000000
301 22500.000000 20784.609700 580.000000
302 24000.000000 18186.533500 580.000000
303 25500.000000 15588.457300 580.000000
304 27000.000000 12990.381100 580.000000
305 28500.000000 10392.304800 580.000000
306 13500.000000 31176.914500 580.000000
307 12000.000000 28578.838300 580.000000
308 10500.000000 25980.762100 580.000000
309 9000.000000 23382.685900 580.000000
310 7500.000000 20784.609700 580.000000
311 6000.000000 18186.533500 580.000000
312 4500.000000 15588.457300 580.000000
313 3000.000000 12990.381100 580.000000
314 1500.000000 10392.304800 580.000000
315 0.000000 7794.228600 580.000000
316 15000.000000 28578.838300 580.000000
317 16500.000000 25980.762100 580.000000
318 18000.000000 23382.685900 580.000000
319 19500.000000 20784.609700 580.000000
320 21000.000000 18186.533500 580.000000
321 22500.000000 15588.457300 580.000000
322 24000.000000 12990.381100 580.000000
323 25500.000000 10392.304800 580.000000
324 27000.000000 7794.228600 580.000000
325 28500.000000 5196.152400 580.000000
326 13500.000000 25980.762100 580.000000
327 12000.000000 23382.685900 580.000000
328 10500.000000 20784.609700 580.000000
329 9000.000000 18186.533500 580.000000
330 7500.000000 15588.457300 580.000000
331 6000.000000 12990.381100 580.000000
332 4500.000000 10392.304800 580.000000
333 3000.000000 7794.228600 580.000000
334 1500.000000 5196.152400 580.000000
335 0.000000 2598.076200 580.000000
336 15000.000000 23382.685900 580.000000
337 16500.000000 20784.609700 580.000000
338 18000.000000 18186.533500 580.000000
339 19500.000000 15588.457300 580.000000
340 21000.000000 12990.381100 580.000000
341 22500.000000 10392.304800 580.000000
342 24000.000000 7794.228600 580.000000
343 25500.000000 5196.152400 580.000000
344 27000.000000 2598.076200 580.000000
345 28500.000000 0.000000 580.000000
346 13500.000000 20784.609700 580.000000
347 12000.000000 18186.533500 580.000000
348 10500.000000 15588.457300 580.000000
349 9000.000000 12990.381100 580.000000
350 7500.000000 10392.304800 580.000000
351 6000.000000 7794.228600 580.000000
352 4500.000000 5196.152400 580.000000
353 3000.000000 2598.076200 580.000000
354 1500.000000 0.000000 580.000000
355 15000.000000 18186.533500 580.000000
356 16500.000000 15588.457300 580.000000
357 18000.000000 12990.381100 580.000000
358 19500.000000 10392.304800 580.000000
359 21000.000000 7794.228600 580.000000
360 22500.000000 5196.152400 580.000000
361 24000.000000 2598.076200 580.000000
362 25500.000000 0.000000 580.000000
363 13500.000000 15588.457300 580.000000
364 12000.000000 12990.381100 580.000000
365 10500.000000 10392.304800 580.000000
366 9000.000000 7794.228600 580.000000
367 7500.000000 5196.152400 580.000000
368 6000.000000 2598.076200 580.000000
369 4500.000000 0.000000 580.000000
370 15000.000000 12990.381100 580.000000
371 16500.000000 10392.304800 580.000000
372 18000.000000 7794.228600 580.000000
373 19500.000000 5196.152400 580.000000
374 21000.000000 2598.076200 580.000000
375 22500.000000 0.000000 580.000000
376 13500.000000 10392.304800 580.000000
377 12000.000000 7794.228600 580.000000
378 10500.000000 5196.152400 580.000000
379 9000.000000 2598.076200 580.000000
380 7500.000000 0.000000 580.000000
381 15000.000000 7794.228600 580.000000
382 16500.000000 5196.152400 580.000000
383 18000.000000 2598.076200 580.000000
384 19500.000000 0.000000 580.000000
385 13500.000000 5196.152400 580.000000
386 12000.000000 2598.076200 580.000000
387 10500.000000 0.000000 580.000000
388 15000.000000 2598.076200 580.000000
389 16500.000000 0.000000 580.000000
390 13500.000000 0.000000 580.000000
